(kicad_pcb (version 20171130) (host pcbnew 5.1.4-e60b266~84~ubuntu18.04.1)

  (general
    (thickness 1.6)
    (drawings 6)
    (tracks 252)
    (zones 0)
    (modules 24)
    (nets 22)
  )

  (page A4)
  (layers
    (0 Top signal)
    (1 Route2 signal)
    (2 Route15 signal)
    (31 Bottom signal)
    (32 B.Adhes user)
    (33 F.Adhes user)
    (34 B.Paste user)
    (35 F.Paste user)
    (36 B.SilkS user)
    (37 F.SilkS user)
    (38 B.Mask user)
    (39 F.Mask user)
    (40 Dwgs.User user)
    (41 Cmts.User user)
    (42 Eco1.User user)
    (43 Eco2.User user)
    (44 Edge.Cuts user)
    (45 Margin user)
    (46 B.CrtYd user)
    (47 F.CrtYd user)
    (48 B.Fab user)
    (49 F.Fab user)
  )

  (setup
    (last_trace_width 1.7)
    (user_trace_width 1.7)
    (user_trace_width 3)
    (trace_clearance 0.2)
    (zone_clearance 0.508)
    (zone_45_only no)
    (trace_min 0.2)
    (via_size 0.8)
    (via_drill 0.4)
    (via_min_size 0.4)
    (via_min_drill 0.3)
    (user_via 3 1.5)
    (uvia_size 0.3)
    (uvia_drill 0.1)
    (uvias_allowed no)
    (uvia_min_size 0.2)
    (uvia_min_drill 0.1)
    (edge_width 0.05)
    (segment_width 0.2)
    (pcb_text_width 0.3)
    (pcb_text_size 1.5 1.5)
    (mod_edge_width 0.12)
    (mod_text_size 1 1)
    (mod_text_width 0.15)
    (pad_size 1.524 1.524)
    (pad_drill 0.762)
    (pad_to_mask_clearance 0.051)
    (solder_mask_min_width 0.25)
    (aux_axis_origin 0 76.75)
    (visible_elements FFFFFF7F)
    (pcbplotparams
      (layerselection 0x01000_fffffff8)
      (usegerberextensions false)
      (usegerberattributes false)
      (usegerberadvancedattributes false)
      (creategerberjobfile false)
      (excludeedgelayer true)
      (linewidth 0.100000)
      (plotframeref false)
      (viasonmask false)
      (mode 1)
      (useauxorigin true)
      (hpglpennumber 1)
      (hpglpenspeed 20)
      (hpglpendiameter 15.000000)
      (psnegative false)
      (psa4output false)
      (plotreference false)
      (plotvalue false)
      (plotinvisibletext false)
      (padsonsilk false)
      (subtractmaskfromsilk false)
      (outputformat 1)
      (mirror false)
      (drillshape 0)
      (scaleselection 1)
      (outputdirectory "mill_v"))
  )

  (net 0 "")
  (net 1 GND)
  (net 2 MOSI)
  (net 3 MISO)
  (net 4 SCK)
  (net 5 +3V3)
  (net 6 "Net-(J1-Pad1)")
  (net 7 LI-ION)
  (net 8 5V_BOOST)
  (net 9 D12)
  (net 10 A0)
  (net 11 A1)
  (net 12 TIMER)
  (net 13 DONE)
  (net 14 DECAGON_SWITCH)
  (net 15 LORA_RST)
  (net 16 LORA_CS)
  (net 17 "Net-(Q1-Pad2)")
  (net 18 "Net-(Q1-Pad3)")
  (net 19 5V_SWITCHED)
  (net 20 "Net-(Q2-Pad1)")
  (net 21 RX)

  (net_class Default "This is the default net class."
    (clearance 0.2)
    (trace_width 0.25)
    (via_dia 0.8)
    (via_drill 0.4)
    (uvia_dia 0.3)
    (uvia_drill 0.1)
    (add_net +3V3)
    (add_net 5V_BOOST)
    (add_net 5V_SWITCHED)
    (add_net A0)
    (add_net A1)
    (add_net D12)
    (add_net DECAGON_SWITCH)
    (add_net DONE)
    (add_net GND)
    (add_net LI-ION)
    (add_net LORA_CS)
    (add_net LORA_RST)
    (add_net MISO)
    (add_net MOSI)
    (add_net "Net-(J1-Pad1)")
    (add_net "Net-(Q1-Pad2)")
    (add_net "Net-(Q1-Pad3)")
    (add_net "Net-(Q2-Pad1)")
    (add_net RX)
    (add_net SCK)
    (add_net TIMER)
  )

  (module Connector_PinSocket_2.54mm:PinSocket_1x06_P2.54mm_Vertical (layer Top) (tedit 5A19A430) (tstamp 5DBCB0E6)
    (at 37.4 4.4)
    (descr "Through hole straight socket strip, 1x06, 2.54mm pitch, single row (from Kicad 4.0.7), script generated")
    (tags "Through hole socket strip THT 1x06 2.54mm single row")
    (path /5DC290A5)
    (fp_text reference U1 (at 0 -2.77) (layer F.SilkS)
      (effects (font (size 1 1) (thickness 0.15)))
    )
    (fp_text value powerboost500 (at 0 15.47) (layer F.Fab)
      (effects (font (size 1 1) (thickness 0.15)))
    )
    (fp_line (start -1.27 -1.27) (end 0.635 -1.27) (layer F.Fab) (width 0.1))
    (fp_line (start 0.635 -1.27) (end 1.27 -0.635) (layer F.Fab) (width 0.1))
    (fp_line (start 1.27 -0.635) (end 1.27 13.97) (layer F.Fab) (width 0.1))
    (fp_line (start 1.27 13.97) (end -1.27 13.97) (layer F.Fab) (width 0.1))
    (fp_line (start -1.27 13.97) (end -1.27 -1.27) (layer F.Fab) (width 0.1))
    (fp_line (start -1.33 1.27) (end 1.33 1.27) (layer F.SilkS) (width 0.12))
    (fp_line (start -1.33 1.27) (end -1.33 14.03) (layer F.SilkS) (width 0.12))
    (fp_line (start -1.33 14.03) (end 1.33 14.03) (layer F.SilkS) (width 0.12))
    (fp_line (start 1.33 1.27) (end 1.33 14.03) (layer F.SilkS) (width 0.12))
    (fp_line (start 1.33 -1.33) (end 1.33 0) (layer F.SilkS) (width 0.12))
    (fp_line (start 0 -1.33) (end 1.33 -1.33) (layer F.SilkS) (width 0.12))
    (fp_line (start -1.8 -1.8) (end 1.75 -1.8) (layer F.CrtYd) (width 0.05))
    (fp_line (start 1.75 -1.8) (end 1.75 14.45) (layer F.CrtYd) (width 0.05))
    (fp_line (start 1.75 14.45) (end -1.8 14.45) (layer F.CrtYd) (width 0.05))
    (fp_line (start -1.8 14.45) (end -1.8 -1.8) (layer F.CrtYd) (width 0.05))
    (fp_text user %R (at 0 6.35 90) (layer F.Fab)
      (effects (font (size 1 1) (thickness 0.15)))
    )
    (pad 1 thru_hole rect (at 0 0) (size 1.7 1.7) (drill 1) (layers *.Cu *.Mask)
      (net 8 5V_BOOST))
    (pad 2 thru_hole oval (at 0 2.54) (size 1.7 1.7) (drill 1) (layers *.Cu *.Mask)
      (net 1 GND))
    (pad 3 thru_hole oval (at 0 5.08) (size 1.7 1.7) (drill 1) (layers *.Cu *.Mask))
    (pad 4 thru_hole oval (at 0 7.62) (size 1.7 1.7) (drill 1) (layers *.Cu *.Mask)
      (net 12 TIMER))
    (pad 5 thru_hole oval (at 0 10.16) (size 1.7 1.7) (drill 1) (layers *.Cu *.Mask)
      (net 1 GND))
    (pad 6 thru_hole oval (at 0 12.7) (size 1.7 1.7) (drill 1) (layers *.Cu *.Mask)
      (net 7 LI-ION))
    (model ${KISYS3DMOD}/Connector_PinSocket_2.54mm.3dshapes/PinSocket_1x06_P2.54mm_Vertical.wrl
      (at (xyz 0 0 0))
      (scale (xyz 1 1 1))
      (rotate (xyz 0 0 0))
    )
  )

  (module Connector_PinSocket_2.54mm:PinSocket_1x01_P2.54mm_Vertical (layer Top) (tedit 5A19A434) (tstamp 5DBCB742)
    (at 39.7 60.5 180)
    (descr "Through hole straight socket strip, 1x01, 2.54mm pitch, single row (from Kicad 4.0.7), script generated")
    (tags "Through hole socket strip THT 1x01 2.54mm single row")
    (path /5DC22EEB)
    (fp_text reference J4 (at 0 -2.77) (layer F.SilkS)
      (effects (font (size 1 1) (thickness 0.15)))
    )
    (fp_text value Conn_01x01_Female (at 0 2.77) (layer F.Fab)
      (effects (font (size 1 1) (thickness 0.15)))
    )
    (fp_text user %R (at 0 0) (layer F.Fab)
      (effects (font (size 1 1) (thickness 0.15)))
    )
    (fp_line (start -1.8 1.75) (end -1.8 -1.8) (layer F.CrtYd) (width 0.05))
    (fp_line (start 1.75 1.75) (end -1.8 1.75) (layer F.CrtYd) (width 0.05))
    (fp_line (start 1.75 -1.8) (end 1.75 1.75) (layer F.CrtYd) (width 0.05))
    (fp_line (start -1.8 -1.8) (end 1.75 -1.8) (layer F.CrtYd) (width 0.05))
    (fp_line (start 0 -1.33) (end 1.33 -1.33) (layer F.SilkS) (width 0.12))
    (fp_line (start 1.33 -1.33) (end 1.33 0) (layer F.SilkS) (width 0.12))
    (fp_line (start 1.33 1.21) (end 1.33 1.33) (layer F.SilkS) (width 0.12))
    (fp_line (start -1.33 1.21) (end -1.33 1.33) (layer F.SilkS) (width 0.12))
    (fp_line (start -1.33 1.33) (end 1.33 1.33) (layer F.SilkS) (width 0.12))
    (fp_line (start -1.27 1.27) (end -1.27 -1.27) (layer F.Fab) (width 0.1))
    (fp_line (start 1.27 1.27) (end -1.27 1.27) (layer F.Fab) (width 0.1))
    (fp_line (start 1.27 -0.635) (end 1.27 1.27) (layer F.Fab) (width 0.1))
    (fp_line (start 0.635 -1.27) (end 1.27 -0.635) (layer F.Fab) (width 0.1))
    (fp_line (start -1.27 -1.27) (end 0.635 -1.27) (layer F.Fab) (width 0.1))
    (pad 1 thru_hole rect (at 0 0 180) (size 1.7 1.7) (drill 1) (layers *.Cu *.Mask)
      (net 21 RX))
    (model ${KISYS3DMOD}/Connector_PinSocket_2.54mm.3dshapes/PinSocket_1x01_P2.54mm_Vertical.wrl
      (at (xyz 0 0 0))
      (scale (xyz 1 1 1))
      (rotate (xyz 0 0 0))
    )
  )

  (module Package_TO_SOT_THT:TO-92 (layer Top) (tedit 5DBC6CED) (tstamp 5DBCD9C6)
    (at 46.8 43.55 270)
    (descr "TO-92 leads molded, narrow, drill 0.75mm (see NXP sot054_po.pdf)")
    (tags "to-92 sc-43 sc-43a sot54 PA33 transistor")
    (path /5DBE12A5)
    (fp_text reference Q2 (at 1.27 -3.56 270) (layer F.SilkS)
      (effects (font (size 1 1) (thickness 0.15)))
    )
    (fp_text value Q_PNP_BCE (at 1.27 2.79 270) (layer F.Fab)
      (effects (font (size 1 1) (thickness 0.15)))
    )
    (fp_text user %R (at 1.27 -3.56 270) (layer F.Fab)
      (effects (font (size 1 1) (thickness 0.15)))
    )
    (fp_line (start -0.53 1.85) (end 3.07 1.85) (layer F.SilkS) (width 0.12))
    (fp_line (start -0.5 1.75) (end 3 1.75) (layer F.Fab) (width 0.1))
    (fp_line (start -1.46 -2.73) (end 4 -2.73) (layer F.CrtYd) (width 0.05))
    (fp_line (start -1.46 -2.73) (end -1.46 2.01) (layer F.CrtYd) (width 0.05))
    (fp_line (start 4 2.01) (end 4 -2.73) (layer F.CrtYd) (width 0.05))
    (fp_line (start 4 2.01) (end -1.46 2.01) (layer F.CrtYd) (width 0.05))
    (fp_arc (start 1.27 0) (end 1.27 -2.48) (angle 135) (layer F.Fab) (width 0.1))
    (fp_arc (start 1.27 0) (end 1.27 -2.6) (angle -135) (layer F.SilkS) (width 0.12))
    (fp_arc (start 1.27 0) (end 1.27 -2.48) (angle -135) (layer F.Fab) (width 0.1))
    (fp_arc (start 1.27 0) (end 1.27 -2.6) (angle 135) (layer F.SilkS) (width 0.12))
    (pad 2 thru_hole circle (at 1.27 -3) (size 1.3 1.3) (drill 0.75) (layers *.Cu *.Mask)
      (net 8 5V_BOOST))
    (pad 3 thru_hole circle (at 4 2) (size 1.3 1.3) (drill 0.75) (layers *.Cu *.Mask)
      (net 19 5V_SWITCHED))
    (pad 1 thru_hole rect (at -1 2) (size 1.3 1.3) (drill 0.75) (layers *.Cu *.Mask)
      (net 20 "Net-(Q2-Pad1)"))
    (model ${KISYS3DMOD}/Package_TO_SOT_THT.3dshapes/TO-92.wrl
      (at (xyz 0 0 0))
      (scale (xyz 1 1 1))
      (rotate (xyz 0 0 0))
    )
  )

  (module ib4:1X14_ROUND70 (layer Top) (tedit 0) (tstamp 5DA2F3C6)
    (at 56.4938 36.0154 90)
    (path /FA93C76E)
    (fp_text reference JP2 (at -17.8562 -1.8288 90) (layer F.SilkS)
      (effects (font (size 0.77216 0.77216) (thickness 0.138988)) (justify left bottom))
    )
    (fp_text value HEADER-1X14 (at -17.78 3.175 90) (layer F.Fab)
      (effects (font (size 0.38608 0.38608) (thickness 0.038608)) (justify left bottom))
    )
    (fp_poly (pts (xy 16.256 0.254) (xy 16.764 0.254) (xy 16.764 -0.254) (xy 16.256 -0.254)) (layer F.Fab) (width 0))
    (fp_poly (pts (xy 13.716 0.254) (xy 14.224 0.254) (xy 14.224 -0.254) (xy 13.716 -0.254)) (layer F.Fab) (width 0))
    (fp_poly (pts (xy 11.176 0.254) (xy 11.684 0.254) (xy 11.684 -0.254) (xy 11.176 -0.254)) (layer F.Fab) (width 0))
    (fp_poly (pts (xy 8.636 0.254) (xy 9.144 0.254) (xy 9.144 -0.254) (xy 8.636 -0.254)) (layer F.Fab) (width 0))
    (fp_poly (pts (xy 6.096 0.254) (xy 6.604 0.254) (xy 6.604 -0.254) (xy 6.096 -0.254)) (layer F.Fab) (width 0))
    (fp_poly (pts (xy -16.764 0.254) (xy -16.256 0.254) (xy -16.256 -0.254) (xy -16.764 -0.254)) (layer F.Fab) (width 0))
    (fp_poly (pts (xy -14.224 0.254) (xy -13.716 0.254) (xy -13.716 -0.254) (xy -14.224 -0.254)) (layer F.Fab) (width 0))
    (fp_poly (pts (xy -11.684 0.254) (xy -11.176 0.254) (xy -11.176 -0.254) (xy -11.684 -0.254)) (layer F.Fab) (width 0))
    (fp_poly (pts (xy -9.144 0.254) (xy -8.636 0.254) (xy -8.636 -0.254) (xy -9.144 -0.254)) (layer F.Fab) (width 0))
    (fp_poly (pts (xy -6.604 0.254) (xy -6.096 0.254) (xy -6.096 -0.254) (xy -6.604 -0.254)) (layer F.Fab) (width 0))
    (fp_poly (pts (xy -4.064 0.254) (xy -3.556 0.254) (xy -3.556 -0.254) (xy -4.064 -0.254)) (layer F.Fab) (width 0))
    (fp_poly (pts (xy -1.524 0.254) (xy -1.016 0.254) (xy -1.016 -0.254) (xy -1.524 -0.254)) (layer F.Fab) (width 0))
    (fp_poly (pts (xy 1.016 0.254) (xy 1.524 0.254) (xy 1.524 -0.254) (xy 1.016 -0.254)) (layer F.Fab) (width 0))
    (fp_poly (pts (xy 3.556 0.254) (xy 4.064 0.254) (xy 4.064 -0.254) (xy 3.556 -0.254)) (layer F.Fab) (width 0))
    (fp_line (start -17.78 -0.635) (end -17.78 0.635) (layer F.Fab) (width 0.2032))
    (pad 14 thru_hole circle (at 16.51 0 180) (size 1.6764 1.6764) (drill 1) (layers *.Cu *.Mask)
      (net 21 RX) (solder_mask_margin 0.0508))
    (pad 13 thru_hole circle (at 13.97 0 180) (size 1.6764 1.6764) (drill 1) (layers *.Cu *.Mask)
      (solder_mask_margin 0.0508))
    (pad 12 thru_hole circle (at 11.43 0 180) (size 1.6764 1.6764) (drill 1) (layers *.Cu *.Mask)
      (solder_mask_margin 0.0508))
    (pad 11 thru_hole circle (at 8.89 0 180) (size 1.6764 1.6764) (drill 1) (layers *.Cu *.Mask)
      (solder_mask_margin 0.0508))
    (pad 10 thru_hole circle (at 6.35 0 180) (size 1.6764 1.6764) (drill 1) (layers *.Cu *.Mask)
      (solder_mask_margin 0.0508))
    (pad 9 thru_hole circle (at 3.81 0 180) (size 1.6764 1.6764) (drill 1) (layers *.Cu *.Mask)
      (net 13 DONE) (solder_mask_margin 0.0508))
    (pad 8 thru_hole circle (at 1.27 0 180) (size 1.6764 1.6764) (drill 1) (layers *.Cu *.Mask)
      (solder_mask_margin 0.0508))
    (pad 7 thru_hole circle (at -1.27 0 180) (size 1.6764 1.6764) (drill 1) (layers *.Cu *.Mask)
      (solder_mask_margin 0.0508))
    (pad 6 thru_hole circle (at -3.81 0 180) (size 1.6764 1.6764) (drill 1) (layers *.Cu *.Mask)
      (solder_mask_margin 0.0508))
    (pad 5 thru_hole circle (at -6.35 0 180) (size 1.6764 1.6764) (drill 1) (layers *.Cu *.Mask)
      (net 9 D12) (solder_mask_margin 0.0508))
    (pad 4 thru_hole circle (at -8.89 0 180) (size 1.6764 1.6764) (drill 1) (layers *.Cu *.Mask)
      (solder_mask_margin 0.0508))
    (pad 3 thru_hole circle (at -11.43 0 180) (size 1.6764 1.6764) (drill 1) (layers *.Cu *.Mask)
      (solder_mask_margin 0.0508))
    (pad 2 thru_hole circle (at -13.97 0 180) (size 1.6764 1.6764) (drill 1) (layers *.Cu *.Mask)
      (net 1 GND) (solder_mask_margin 0.0508))
    (pad 1 thru_hole circle (at -16.51 0 180) (size 1.6764 1.6764) (drill 1) (layers *.Cu *.Mask)
      (net 8 5V_BOOST) (solder_mask_margin 0.0508))
  )

  (module ib4:1X14_ROUND70 (layer Top) (tedit 0) (tstamp 5DA2F426)
    (at 71.7338 36.0154 270)
    (path /47274FB3)
    (fp_text reference JP4 (at -17.8562 -1.8288 90) (layer F.SilkS)
      (effects (font (size 0.77216 0.77216) (thickness 0.138988)) (justify left bottom))
    )
    (fp_text value HEADER-1X14 (at -17.78 3.175 90) (layer F.Fab)
      (effects (font (size 0.38608 0.38608) (thickness 0.038608)) (justify left bottom))
    )
    (fp_poly (pts (xy 16.256 0.254) (xy 16.764 0.254) (xy 16.764 -0.254) (xy 16.256 -0.254)) (layer F.Fab) (width 0))
    (fp_poly (pts (xy 13.716 0.254) (xy 14.224 0.254) (xy 14.224 -0.254) (xy 13.716 -0.254)) (layer F.Fab) (width 0))
    (fp_poly (pts (xy 11.176 0.254) (xy 11.684 0.254) (xy 11.684 -0.254) (xy 11.176 -0.254)) (layer F.Fab) (width 0))
    (fp_poly (pts (xy 8.636 0.254) (xy 9.144 0.254) (xy 9.144 -0.254) (xy 8.636 -0.254)) (layer F.Fab) (width 0))
    (fp_poly (pts (xy 6.096 0.254) (xy 6.604 0.254) (xy 6.604 -0.254) (xy 6.096 -0.254)) (layer F.Fab) (width 0))
    (fp_poly (pts (xy -16.764 0.254) (xy -16.256 0.254) (xy -16.256 -0.254) (xy -16.764 -0.254)) (layer F.Fab) (width 0))
    (fp_poly (pts (xy -14.224 0.254) (xy -13.716 0.254) (xy -13.716 -0.254) (xy -14.224 -0.254)) (layer F.Fab) (width 0))
    (fp_poly (pts (xy -11.684 0.254) (xy -11.176 0.254) (xy -11.176 -0.254) (xy -11.684 -0.254)) (layer F.Fab) (width 0))
    (fp_poly (pts (xy -9.144 0.254) (xy -8.636 0.254) (xy -8.636 -0.254) (xy -9.144 -0.254)) (layer F.Fab) (width 0))
    (fp_poly (pts (xy -6.604 0.254) (xy -6.096 0.254) (xy -6.096 -0.254) (xy -6.604 -0.254)) (layer F.Fab) (width 0))
    (fp_poly (pts (xy -4.064 0.254) (xy -3.556 0.254) (xy -3.556 -0.254) (xy -4.064 -0.254)) (layer F.Fab) (width 0))
    (fp_poly (pts (xy -1.524 0.254) (xy -1.016 0.254) (xy -1.016 -0.254) (xy -1.524 -0.254)) (layer F.Fab) (width 0))
    (fp_poly (pts (xy 1.016 0.254) (xy 1.524 0.254) (xy 1.524 -0.254) (xy 1.016 -0.254)) (layer F.Fab) (width 0))
    (fp_poly (pts (xy 3.556 0.254) (xy 4.064 0.254) (xy 4.064 -0.254) (xy 3.556 -0.254)) (layer F.Fab) (width 0))
    (fp_line (start -17.78 -0.635) (end -17.78 0.635) (layer F.Fab) (width 0.2032))
    (pad 14 thru_hole circle (at 16.51 0) (size 1.6764 1.6764) (drill 1) (layers *.Cu *.Mask)
      (solder_mask_margin 0.0508))
    (pad 13 thru_hole circle (at 13.97 0) (size 1.6764 1.6764) (drill 1) (layers *.Cu *.Mask)
      (net 5 +3V3) (solder_mask_margin 0.0508))
    (pad 12 thru_hole circle (at 11.43 0) (size 1.6764 1.6764) (drill 1) (layers *.Cu *.Mask)
      (solder_mask_margin 0.0508))
    (pad 11 thru_hole circle (at 8.89 0) (size 1.6764 1.6764) (drill 1) (layers *.Cu *.Mask)
      (solder_mask_margin 0.0508))
    (pad 10 thru_hole circle (at 6.35 0) (size 1.6764 1.6764) (drill 1) (layers *.Cu *.Mask)
      (net 10 A0) (solder_mask_margin 0.0508))
    (pad 9 thru_hole circle (at 3.81 0) (size 1.6764 1.6764) (drill 1) (layers *.Cu *.Mask)
      (net 11 A1) (solder_mask_margin 0.0508))
    (pad 8 thru_hole circle (at 1.27 0) (size 1.6764 1.6764) (drill 1) (layers *.Cu *.Mask)
      (solder_mask_margin 0.0508))
    (pad 7 thru_hole circle (at -1.27 0) (size 1.6764 1.6764) (drill 1) (layers *.Cu *.Mask)
      (net 14 DECAGON_SWITCH) (solder_mask_margin 0.0508))
    (pad 6 thru_hole circle (at -3.81 0) (size 1.6764 1.6764) (drill 1) (layers *.Cu *.Mask)
      (net 15 LORA_RST) (solder_mask_margin 0.0508))
    (pad 5 thru_hole circle (at -6.35 0) (size 1.6764 1.6764) (drill 1) (layers *.Cu *.Mask)
      (net 16 LORA_CS) (solder_mask_margin 0.0508))
    (pad 4 thru_hole circle (at -8.89 0) (size 1.6764 1.6764) (drill 1) (layers *.Cu *.Mask)
      (net 4 SCK) (solder_mask_margin 0.0508))
    (pad 3 thru_hole circle (at -11.43 0) (size 1.6764 1.6764) (drill 1) (layers *.Cu *.Mask)
      (net 2 MOSI) (solder_mask_margin 0.0508))
    (pad 2 thru_hole circle (at -13.97 0) (size 1.6764 1.6764) (drill 1) (layers *.Cu *.Mask)
      (net 3 MISO) (solder_mask_margin 0.0508))
    (pad 1 thru_hole circle (at -16.51 0) (size 1.6764 1.6764) (drill 1) (layers *.Cu *.Mask)
      (solder_mask_margin 0.0508))
  )

  (module MountingHole:MountingHole_2.7mm_M2.5 (layer Top) (tedit 56D1B4CB) (tstamp 5DBCCBB8)
    (at 90 72)
    (descr "Mounting Hole 2.7mm, no annular, M2.5")
    (tags "mounting hole 2.7mm no annular m2.5")
    (path /5D99EBDD)
    (attr virtual)
    (fp_text reference H1 (at 0 -3.7) (layer F.SilkS)
      (effects (font (size 1 1) (thickness 0.15)))
    )
    (fp_text value MountingHole (at 0 3.7) (layer F.Fab)
      (effects (font (size 1 1) (thickness 0.15)))
    )
    (fp_text user %R (at 0.3 0) (layer F.Fab)
      (effects (font (size 1 1) (thickness 0.15)))
    )
    (fp_circle (center 0 0) (end 2.7 0) (layer Cmts.User) (width 0.15))
    (fp_circle (center 0 0) (end 2.95 0) (layer F.CrtYd) (width 0.05))
    (pad 1 np_thru_hole circle (at 0 0) (size 2.7 2.7) (drill 2.7) (layers *.Cu *.Mask))
  )

  (module MountingHole:MountingHole_2.7mm_M2.5 (layer Top) (tedit 56D1B4CB) (tstamp 5D926E42)
    (at 8 72)
    (descr "Mounting Hole 2.7mm, no annular, M2.5")
    (tags "mounting hole 2.7mm no annular m2.5")
    (path /5D99FC38)
    (attr virtual)
    (fp_text reference H2 (at 0 -3.7) (layer F.SilkS)
      (effects (font (size 1 1) (thickness 0.15)))
    )
    (fp_text value MountingHole (at 0 3.7) (layer F.Fab)
      (effects (font (size 1 1) (thickness 0.15)))
    )
    (fp_text user %R (at 0.3 0) (layer F.Fab)
      (effects (font (size 1 1) (thickness 0.15)))
    )
    (fp_circle (center 0 0) (end 2.7 0) (layer Cmts.User) (width 0.15))
    (fp_circle (center 0 0) (end 2.95 0) (layer F.CrtYd) (width 0.05))
    (pad 1 np_thru_hole circle (at 0 0) (size 2.7 2.7) (drill 2.7) (layers *.Cu *.Mask))
  )

  (module MountingHole:MountingHole_2.7mm_M2.5 (layer Top) (tedit 56D1B4CB) (tstamp 5DA3066C)
    (at 8 6)
    (descr "Mounting Hole 2.7mm, no annular, M2.5")
    (tags "mounting hole 2.7mm no annular m2.5")
    (path /5D99FE70)
    (attr virtual)
    (fp_text reference H3 (at 0 -3.7) (layer F.SilkS)
      (effects (font (size 1 1) (thickness 0.15)))
    )
    (fp_text value MountingHole (at 0 3.7) (layer F.Fab)
      (effects (font (size 1 1) (thickness 0.15)))
    )
    (fp_text user %R (at -0.55 0.1) (layer F.Fab)
      (effects (font (size 1 1) (thickness 0.15)))
    )
    (fp_circle (center 0 0) (end 2.7 0) (layer Cmts.User) (width 0.15))
    (fp_circle (center 0 0) (end 2.95 0) (layer F.CrtYd) (width 0.05))
    (pad 1 np_thru_hole circle (at 0 0) (size 2.7 2.7) (drill 2.7) (layers *.Cu *.Mask))
  )

  (module MountingHole:MountingHole_2.7mm_M2.5 (layer Top) (tedit 56D1B4CB) (tstamp 5D926E57)
    (at 90 6)
    (descr "Mounting Hole 2.7mm, no annular, M2.5")
    (tags "mounting hole 2.7mm no annular m2.5")
    (path /5D99FFF4)
    (attr virtual)
    (fp_text reference H4 (at 0 -3.7) (layer F.SilkS)
      (effects (font (size 1 1) (thickness 0.15)))
    )
    (fp_text value MountingHole (at 0 3.7) (layer F.Fab)
      (effects (font (size 1 1) (thickness 0.15)))
    )
    (fp_circle (center 0 0) (end 2.95 0) (layer F.CrtYd) (width 0.05))
    (fp_circle (center 0 0) (end 2.7 0) (layer Cmts.User) (width 0.15))
    (fp_text user %R (at 0.3 0) (layer F.Fab)
      (effects (font (size 1 1) (thickness 0.15)))
    )
    (pad 1 np_thru_hole circle (at 0 0) (size 2.7 2.7) (drill 2.7) (layers *.Cu *.Mask))
  )

  (module Connector_PinSocket_2.54mm:PinSocket_1x02_P2.54mm_Vertical (layer Top) (tedit 5A19A420) (tstamp 5DBCCC0B)
    (at 51.65 27 180)
    (descr "Through hole straight socket strip, 1x02, 2.54mm pitch, single row (from Kicad 4.0.7), script generated")
    (tags "Through hole socket strip THT 1x02 2.54mm single row")
    (path /5DBD7C27)
    (fp_text reference J1 (at 0 -2.77) (layer F.SilkS)
      (effects (font (size 1 1) (thickness 0.15)))
    )
    (fp_text value Conn_01x02_Female (at 0 5.31) (layer F.Fab)
      (effects (font (size 1 1) (thickness 0.15)))
    )
    (fp_line (start -1.27 -1.27) (end 0.635 -1.27) (layer F.Fab) (width 0.1))
    (fp_line (start 0.635 -1.27) (end 1.27 -0.635) (layer F.Fab) (width 0.1))
    (fp_line (start 1.27 -0.635) (end 1.27 3.81) (layer F.Fab) (width 0.1))
    (fp_line (start 1.27 3.81) (end -1.27 3.81) (layer F.Fab) (width 0.1))
    (fp_line (start -1.27 3.81) (end -1.27 -1.27) (layer F.Fab) (width 0.1))
    (fp_line (start -1.33 1.27) (end 1.33 1.27) (layer F.SilkS) (width 0.12))
    (fp_line (start -1.33 1.27) (end -1.33 3.87) (layer F.SilkS) (width 0.12))
    (fp_line (start -1.33 3.87) (end 1.33 3.87) (layer F.SilkS) (width 0.12))
    (fp_line (start 1.33 1.27) (end 1.33 3.87) (layer F.SilkS) (width 0.12))
    (fp_line (start 1.33 -1.33) (end 1.33 0) (layer F.SilkS) (width 0.12))
    (fp_line (start 0 -1.33) (end 1.33 -1.33) (layer F.SilkS) (width 0.12))
    (fp_line (start -1.8 -1.8) (end 1.75 -1.8) (layer F.CrtYd) (width 0.05))
    (fp_line (start 1.75 -1.8) (end 1.75 4.3) (layer F.CrtYd) (width 0.05))
    (fp_line (start 1.75 4.3) (end -1.8 4.3) (layer F.CrtYd) (width 0.05))
    (fp_line (start -1.8 4.3) (end -1.8 -1.8) (layer F.CrtYd) (width 0.05))
    (fp_text user %R (at 0 1.27 90) (layer F.Fab)
      (effects (font (size 1 1) (thickness 0.15)))
    )
    (pad 1 thru_hole rect (at 0 0 180) (size 1.7 1.7) (drill 1) (layers *.Cu *.Mask)
      (net 6 "Net-(J1-Pad1)"))
    (pad 2 thru_hole oval (at 0 2.54 180) (size 1.7 1.7) (drill 1) (layers *.Cu *.Mask)
      (net 1 GND))
    (model ${KISYS3DMOD}/Connector_PinSocket_2.54mm.3dshapes/PinSocket_1x02_P2.54mm_Vertical.wrl
      (at (xyz 0 0 0))
      (scale (xyz 1 1 1))
      (rotate (xyz 0 0 0))
    )
  )

  (module Connector_PinSocket_2.54mm:PinSocket_1x01_P2.54mm_Vertical (layer Top) (tedit 5A19A434) (tstamp 5DBCB709)
    (at 46.7 55.95 180)
    (descr "Through hole straight socket strip, 1x01, 2.54mm pitch, single row (from Kicad 4.0.7), script generated")
    (tags "Through hole socket strip THT 1x01 2.54mm single row")
    (path /5DC21FF1)
    (fp_text reference J3 (at 0 -2.77) (layer F.SilkS)
      (effects (font (size 1 1) (thickness 0.15)))
    )
    (fp_text value Conn_01x01_Female (at 0 2.77) (layer F.Fab)
      (effects (font (size 1 1) (thickness 0.15)))
    )
    (fp_line (start -1.27 -1.27) (end 0.635 -1.27) (layer F.Fab) (width 0.1))
    (fp_line (start 0.635 -1.27) (end 1.27 -0.635) (layer F.Fab) (width 0.1))
    (fp_line (start 1.27 -0.635) (end 1.27 1.27) (layer F.Fab) (width 0.1))
    (fp_line (start 1.27 1.27) (end -1.27 1.27) (layer F.Fab) (width 0.1))
    (fp_line (start -1.27 1.27) (end -1.27 -1.27) (layer F.Fab) (width 0.1))
    (fp_line (start -1.33 1.33) (end 1.33 1.33) (layer F.SilkS) (width 0.12))
    (fp_line (start -1.33 1.21) (end -1.33 1.33) (layer F.SilkS) (width 0.12))
    (fp_line (start 1.33 1.21) (end 1.33 1.33) (layer F.SilkS) (width 0.12))
    (fp_line (start 1.33 -1.33) (end 1.33 0) (layer F.SilkS) (width 0.12))
    (fp_line (start 0 -1.33) (end 1.33 -1.33) (layer F.SilkS) (width 0.12))
    (fp_line (start -1.8 -1.8) (end 1.75 -1.8) (layer F.CrtYd) (width 0.05))
    (fp_line (start 1.75 -1.8) (end 1.75 1.75) (layer F.CrtYd) (width 0.05))
    (fp_line (start 1.75 1.75) (end -1.8 1.75) (layer F.CrtYd) (width 0.05))
    (fp_line (start -1.8 1.75) (end -1.8 -1.8) (layer F.CrtYd) (width 0.05))
    (fp_text user %R (at 0 0) (layer F.Fab)
      (effects (font (size 1 1) (thickness 0.15)))
    )
    (pad 1 thru_hole rect (at 0 0 180) (size 1.7 1.7) (drill 1) (layers *.Cu *.Mask)
      (net 19 5V_SWITCHED))
    (model ${KISYS3DMOD}/Connector_PinSocket_2.54mm.3dshapes/PinSocket_1x01_P2.54mm_Vertical.wrl
      (at (xyz 0 0 0))
      (scale (xyz 1 1 1))
      (rotate (xyz 0 0 0))
    )
  )

  (module TerminalBlock_Phoenix:TerminalBlock_Phoenix_PT-1,5-3-3.5-H_1x03_P3.50mm_Horizontal (layer Top) (tedit 5B294F3F) (tstamp 5DBCDC66)
    (at 13.45 50.8 270)
    (descr "Terminal Block Phoenix PT-1,5-3-3.5-H, 3 pins, pitch 3.5mm, size 10.5x7.6mm^2, drill diamater 1.2mm, pad diameter 2.4mm, see , script-generated using https://github.com/pointhi/kicad-footprint-generator/scripts/TerminalBlock_Phoenix")
    (tags "THT Terminal Block Phoenix PT-1,5-3-3.5-H pitch 3.5mm size 10.5x7.6mm^2 drill 1.2mm pad 2.4mm")
    (path /5DC8DC36)
    (fp_text reference J6 (at 3.5 -4.16 90) (layer F.SilkS)
      (effects (font (size 1 1) (thickness 0.15)))
    )
    (fp_text value Screw_Terminal_01x03 (at 3.5 5.56 90) (layer F.Fab)
      (effects (font (size 1 1) (thickness 0.15)))
    )
    (fp_arc (start 0 0) (end 0 1.68) (angle -32) (layer F.SilkS) (width 0.12))
    (fp_arc (start 0 0) (end 1.425 0.891) (angle -64) (layer F.SilkS) (width 0.12))
    (fp_arc (start 0 0) (end 0.866 -1.44) (angle -63) (layer F.SilkS) (width 0.12))
    (fp_arc (start 0 0) (end -1.44 -0.866) (angle -63) (layer F.SilkS) (width 0.12))
    (fp_arc (start 0 0) (end -0.866 1.44) (angle -32) (layer F.SilkS) (width 0.12))
    (fp_circle (center 0 0) (end 1.5 0) (layer F.Fab) (width 0.1))
    (fp_circle (center 3.5 0) (end 5 0) (layer F.Fab) (width 0.1))
    (fp_circle (center 3.5 0) (end 5.18 0) (layer F.SilkS) (width 0.12))
    (fp_circle (center 7 0) (end 8.5 0) (layer F.Fab) (width 0.1))
    (fp_circle (center 7 0) (end 8.68 0) (layer F.SilkS) (width 0.12))
    (fp_line (start -1.75 -3.1) (end 8.75 -3.1) (layer F.Fab) (width 0.1))
    (fp_line (start 8.75 -3.1) (end 8.75 4.5) (layer F.Fab) (width 0.1))
    (fp_line (start 8.75 4.5) (end -1.35 4.5) (layer F.Fab) (width 0.1))
    (fp_line (start -1.35 4.5) (end -1.75 4.1) (layer F.Fab) (width 0.1))
    (fp_line (start -1.75 4.1) (end -1.75 -3.1) (layer F.Fab) (width 0.1))
    (fp_line (start -1.75 4.1) (end 8.75 4.1) (layer F.Fab) (width 0.1))
    (fp_line (start -1.81 4.1) (end 8.81 4.1) (layer F.SilkS) (width 0.12))
    (fp_line (start -1.75 3) (end 8.75 3) (layer F.Fab) (width 0.1))
    (fp_line (start -1.81 3) (end 8.81 3) (layer F.SilkS) (width 0.12))
    (fp_line (start -1.81 -3.16) (end 8.81 -3.16) (layer F.SilkS) (width 0.12))
    (fp_line (start -1.81 4.56) (end 8.81 4.56) (layer F.SilkS) (width 0.12))
    (fp_line (start -1.81 -3.16) (end -1.81 4.56) (layer F.SilkS) (width 0.12))
    (fp_line (start 8.81 -3.16) (end 8.81 4.56) (layer F.SilkS) (width 0.12))
    (fp_line (start 1.138 -0.955) (end -0.955 1.138) (layer F.Fab) (width 0.1))
    (fp_line (start 0.955 -1.138) (end -1.138 0.955) (layer F.Fab) (width 0.1))
    (fp_line (start 4.638 -0.955) (end 2.546 1.138) (layer F.Fab) (width 0.1))
    (fp_line (start 4.455 -1.138) (end 2.363 0.955) (layer F.Fab) (width 0.1))
    (fp_line (start 4.775 -1.069) (end 4.646 -0.941) (layer F.SilkS) (width 0.12))
    (fp_line (start 2.525 1.181) (end 2.431 1.274) (layer F.SilkS) (width 0.12))
    (fp_line (start 4.57 -1.275) (end 4.476 -1.181) (layer F.SilkS) (width 0.12))
    (fp_line (start 2.355 0.941) (end 2.226 1.069) (layer F.SilkS) (width 0.12))
    (fp_line (start 8.138 -0.955) (end 6.046 1.138) (layer F.Fab) (width 0.1))
    (fp_line (start 7.955 -1.138) (end 5.863 0.955) (layer F.Fab) (width 0.1))
    (fp_line (start 8.275 -1.069) (end 8.146 -0.941) (layer F.SilkS) (width 0.12))
    (fp_line (start 6.025 1.181) (end 5.931 1.274) (layer F.SilkS) (width 0.12))
    (fp_line (start 8.07 -1.275) (end 7.976 -1.181) (layer F.SilkS) (width 0.12))
    (fp_line (start 5.855 0.941) (end 5.726 1.069) (layer F.SilkS) (width 0.12))
    (fp_line (start -2.05 4.16) (end -2.05 4.8) (layer F.SilkS) (width 0.12))
    (fp_line (start -2.05 4.8) (end -1.65 4.8) (layer F.SilkS) (width 0.12))
    (fp_line (start -2.25 -3.6) (end -2.25 5) (layer F.CrtYd) (width 0.05))
    (fp_line (start -2.25 5) (end 9.25 5) (layer F.CrtYd) (width 0.05))
    (fp_line (start 9.25 5) (end 9.25 -3.6) (layer F.CrtYd) (width 0.05))
    (fp_line (start 9.25 -3.6) (end -2.25 -3.6) (layer F.CrtYd) (width 0.05))
    (fp_text user %R (at 3.5 2.4 90) (layer F.Fab)
      (effects (font (size 1 1) (thickness 0.15)))
    )
    (pad 1 thru_hole rect (at 0 0 270) (size 2.4 2.4) (drill 1.2) (layers *.Cu *.Mask)
      (net 1 GND))
    (pad 2 thru_hole circle (at 3.5 0 270) (size 2.4 2.4) (drill 1.2) (layers *.Cu *.Mask)
      (net 9 D12))
    (pad 3 thru_hole circle (at 7 0 270) (size 2.4 2.4) (drill 1.2) (layers *.Cu *.Mask)
      (net 5 +3V3))
    (model ${KISYS3DMOD}/TerminalBlock_Phoenix.3dshapes/TerminalBlock_Phoenix_PT-1,5-3-3.5-H_1x03_P3.50mm_Horizontal.wrl
      (at (xyz 0 0 0))
      (scale (xyz 1 1 1))
      (rotate (xyz 0 0 0))
    )
  )

  (module TerminalBlock_Phoenix:TerminalBlock_Phoenix_PT-1,5-3-3.5-H_1x03_P3.50mm_Horizontal (layer Top) (tedit 5B294F3F) (tstamp 5DBCAFDA)
    (at 13.15 34.7 270)
    (descr "Terminal Block Phoenix PT-1,5-3-3.5-H, 3 pins, pitch 3.5mm, size 10.5x7.6mm^2, drill diamater 1.2mm, pad diameter 2.4mm, see , script-generated using https://github.com/pointhi/kicad-footprint-generator/scripts/TerminalBlock_Phoenix")
    (tags "THT Terminal Block Phoenix PT-1,5-3-3.5-H pitch 3.5mm size 10.5x7.6mm^2 drill 1.2mm pad 2.4mm")
    (path /5DC8F0B0)
    (fp_text reference J7 (at 3.5 -4.16 90) (layer F.SilkS)
      (effects (font (size 1 1) (thickness 0.15)))
    )
    (fp_text value Screw_Terminal_01x03 (at 3.5 5.56 90) (layer F.Fab)
      (effects (font (size 1 1) (thickness 0.15)))
    )
    (fp_text user %R (at 3.5 2.4 90) (layer F.Fab)
      (effects (font (size 1 1) (thickness 0.15)))
    )
    (fp_line (start 9.25 -3.6) (end -2.25 -3.6) (layer F.CrtYd) (width 0.05))
    (fp_line (start 9.25 5) (end 9.25 -3.6) (layer F.CrtYd) (width 0.05))
    (fp_line (start -2.25 5) (end 9.25 5) (layer F.CrtYd) (width 0.05))
    (fp_line (start -2.25 -3.6) (end -2.25 5) (layer F.CrtYd) (width 0.05))
    (fp_line (start -2.05 4.8) (end -1.65 4.8) (layer F.SilkS) (width 0.12))
    (fp_line (start -2.05 4.16) (end -2.05 4.8) (layer F.SilkS) (width 0.12))
    (fp_line (start 5.855 0.941) (end 5.726 1.069) (layer F.SilkS) (width 0.12))
    (fp_line (start 8.07 -1.275) (end 7.976 -1.181) (layer F.SilkS) (width 0.12))
    (fp_line (start 6.025 1.181) (end 5.931 1.274) (layer F.SilkS) (width 0.12))
    (fp_line (start 8.275 -1.069) (end 8.146 -0.941) (layer F.SilkS) (width 0.12))
    (fp_line (start 7.955 -1.138) (end 5.863 0.955) (layer F.Fab) (width 0.1))
    (fp_line (start 8.138 -0.955) (end 6.046 1.138) (layer F.Fab) (width 0.1))
    (fp_line (start 2.355 0.941) (end 2.226 1.069) (layer F.SilkS) (width 0.12))
    (fp_line (start 4.57 -1.275) (end 4.476 -1.181) (layer F.SilkS) (width 0.12))
    (fp_line (start 2.525 1.181) (end 2.431 1.274) (layer F.SilkS) (width 0.12))
    (fp_line (start 4.775 -1.069) (end 4.646 -0.941) (layer F.SilkS) (width 0.12))
    (fp_line (start 4.455 -1.138) (end 2.363 0.955) (layer F.Fab) (width 0.1))
    (fp_line (start 4.638 -0.955) (end 2.546 1.138) (layer F.Fab) (width 0.1))
    (fp_line (start 0.955 -1.138) (end -1.138 0.955) (layer F.Fab) (width 0.1))
    (fp_line (start 1.138 -0.955) (end -0.955 1.138) (layer F.Fab) (width 0.1))
    (fp_line (start 8.81 -3.16) (end 8.81 4.56) (layer F.SilkS) (width 0.12))
    (fp_line (start -1.81 -3.16) (end -1.81 4.56) (layer F.SilkS) (width 0.12))
    (fp_line (start -1.81 4.56) (end 8.81 4.56) (layer F.SilkS) (width 0.12))
    (fp_line (start -1.81 -3.16) (end 8.81 -3.16) (layer F.SilkS) (width 0.12))
    (fp_line (start -1.81 3) (end 8.81 3) (layer F.SilkS) (width 0.12))
    (fp_line (start -1.75 3) (end 8.75 3) (layer F.Fab) (width 0.1))
    (fp_line (start -1.81 4.1) (end 8.81 4.1) (layer F.SilkS) (width 0.12))
    (fp_line (start -1.75 4.1) (end 8.75 4.1) (layer F.Fab) (width 0.1))
    (fp_line (start -1.75 4.1) (end -1.75 -3.1) (layer F.Fab) (width 0.1))
    (fp_line (start -1.35 4.5) (end -1.75 4.1) (layer F.Fab) (width 0.1))
    (fp_line (start 8.75 4.5) (end -1.35 4.5) (layer F.Fab) (width 0.1))
    (fp_line (start 8.75 -3.1) (end 8.75 4.5) (layer F.Fab) (width 0.1))
    (fp_line (start -1.75 -3.1) (end 8.75 -3.1) (layer F.Fab) (width 0.1))
    (fp_circle (center 7 0) (end 8.68 0) (layer F.SilkS) (width 0.12))
    (fp_circle (center 7 0) (end 8.5 0) (layer F.Fab) (width 0.1))
    (fp_circle (center 3.5 0) (end 5.18 0) (layer F.SilkS) (width 0.12))
    (fp_circle (center 3.5 0) (end 5 0) (layer F.Fab) (width 0.1))
    (fp_circle (center 0 0) (end 1.5 0) (layer F.Fab) (width 0.1))
    (fp_arc (start 0 0) (end -0.866 1.44) (angle -32) (layer F.SilkS) (width 0.12))
    (fp_arc (start 0 0) (end -1.44 -0.866) (angle -63) (layer F.SilkS) (width 0.12))
    (fp_arc (start 0 0) (end 0.866 -1.44) (angle -63) (layer F.SilkS) (width 0.12))
    (fp_arc (start 0 0) (end 1.425 0.891) (angle -64) (layer F.SilkS) (width 0.12))
    (fp_arc (start 0 0) (end 0 1.68) (angle -32) (layer F.SilkS) (width 0.12))
    (pad 3 thru_hole circle (at 7 0 270) (size 2.4 2.4) (drill 1.2) (layers *.Cu *.Mask)
      (net 5 +3V3))
    (pad 2 thru_hole circle (at 3.5 0 270) (size 2.4 2.4) (drill 1.2) (layers *.Cu *.Mask)
      (net 9 D12))
    (pad 1 thru_hole rect (at 0 0 270) (size 2.4 2.4) (drill 1.2) (layers *.Cu *.Mask)
      (net 1 GND))
    (model ${KISYS3DMOD}/TerminalBlock_Phoenix.3dshapes/TerminalBlock_Phoenix_PT-1,5-3-3.5-H_1x03_P3.50mm_Horizontal.wrl
      (at (xyz 0 0 0))
      (scale (xyz 1 1 1))
      (rotate (xyz 0 0 0))
    )
  )

  (module TerminalBlock_Phoenix:TerminalBlock_Phoenix_PT-1,5-3-3.5-H_1x03_P3.50mm_Horizontal (layer Top) (tedit 5B294F3F) (tstamp 5DBCB00D)
    (at 13.25 19.4 270)
    (descr "Terminal Block Phoenix PT-1,5-3-3.5-H, 3 pins, pitch 3.5mm, size 10.5x7.6mm^2, drill diamater 1.2mm, pad diameter 2.4mm, see , script-generated using https://github.com/pointhi/kicad-footprint-generator/scripts/TerminalBlock_Phoenix")
    (tags "THT Terminal Block Phoenix PT-1,5-3-3.5-H pitch 3.5mm size 10.5x7.6mm^2 drill 1.2mm pad 2.4mm")
    (path /5DCAC7D5)
    (fp_text reference J8 (at 3.5 -4.16 90) (layer F.SilkS)
      (effects (font (size 1 1) (thickness 0.15)))
    )
    (fp_text value Screw_Terminal_01x03 (at 3.5 5.56 90) (layer F.Fab)
      (effects (font (size 1 1) (thickness 0.15)))
    )
    (fp_arc (start 0 0) (end 0 1.68) (angle -32) (layer F.SilkS) (width 0.12))
    (fp_arc (start 0 0) (end 1.425 0.891) (angle -64) (layer F.SilkS) (width 0.12))
    (fp_arc (start 0 0) (end 0.866 -1.44) (angle -63) (layer F.SilkS) (width 0.12))
    (fp_arc (start 0 0) (end -1.44 -0.866) (angle -63) (layer F.SilkS) (width 0.12))
    (fp_arc (start 0 0) (end -0.866 1.44) (angle -32) (layer F.SilkS) (width 0.12))
    (fp_circle (center 0 0) (end 1.5 0) (layer F.Fab) (width 0.1))
    (fp_circle (center 3.5 0) (end 5 0) (layer F.Fab) (width 0.1))
    (fp_circle (center 3.5 0) (end 5.18 0) (layer F.SilkS) (width 0.12))
    (fp_circle (center 7 0) (end 8.5 0) (layer F.Fab) (width 0.1))
    (fp_circle (center 7 0) (end 8.68 0) (layer F.SilkS) (width 0.12))
    (fp_line (start -1.75 -3.1) (end 8.75 -3.1) (layer F.Fab) (width 0.1))
    (fp_line (start 8.75 -3.1) (end 8.75 4.5) (layer F.Fab) (width 0.1))
    (fp_line (start 8.75 4.5) (end -1.35 4.5) (layer F.Fab) (width 0.1))
    (fp_line (start -1.35 4.5) (end -1.75 4.1) (layer F.Fab) (width 0.1))
    (fp_line (start -1.75 4.1) (end -1.75 -3.1) (layer F.Fab) (width 0.1))
    (fp_line (start -1.75 4.1) (end 8.75 4.1) (layer F.Fab) (width 0.1))
    (fp_line (start -1.81 4.1) (end 8.81 4.1) (layer F.SilkS) (width 0.12))
    (fp_line (start -1.75 3) (end 8.75 3) (layer F.Fab) (width 0.1))
    (fp_line (start -1.81 3) (end 8.81 3) (layer F.SilkS) (width 0.12))
    (fp_line (start -1.81 -3.16) (end 8.81 -3.16) (layer F.SilkS) (width 0.12))
    (fp_line (start -1.81 4.56) (end 8.81 4.56) (layer F.SilkS) (width 0.12))
    (fp_line (start -1.81 -3.16) (end -1.81 4.56) (layer F.SilkS) (width 0.12))
    (fp_line (start 8.81 -3.16) (end 8.81 4.56) (layer F.SilkS) (width 0.12))
    (fp_line (start 1.138 -0.955) (end -0.955 1.138) (layer F.Fab) (width 0.1))
    (fp_line (start 0.955 -1.138) (end -1.138 0.955) (layer F.Fab) (width 0.1))
    (fp_line (start 4.638 -0.955) (end 2.546 1.138) (layer F.Fab) (width 0.1))
    (fp_line (start 4.455 -1.138) (end 2.363 0.955) (layer F.Fab) (width 0.1))
    (fp_line (start 4.775 -1.069) (end 4.646 -0.941) (layer F.SilkS) (width 0.12))
    (fp_line (start 2.525 1.181) (end 2.431 1.274) (layer F.SilkS) (width 0.12))
    (fp_line (start 4.57 -1.275) (end 4.476 -1.181) (layer F.SilkS) (width 0.12))
    (fp_line (start 2.355 0.941) (end 2.226 1.069) (layer F.SilkS) (width 0.12))
    (fp_line (start 8.138 -0.955) (end 6.046 1.138) (layer F.Fab) (width 0.1))
    (fp_line (start 7.955 -1.138) (end 5.863 0.955) (layer F.Fab) (width 0.1))
    (fp_line (start 8.275 -1.069) (end 8.146 -0.941) (layer F.SilkS) (width 0.12))
    (fp_line (start 6.025 1.181) (end 5.931 1.274) (layer F.SilkS) (width 0.12))
    (fp_line (start 8.07 -1.275) (end 7.976 -1.181) (layer F.SilkS) (width 0.12))
    (fp_line (start 5.855 0.941) (end 5.726 1.069) (layer F.SilkS) (width 0.12))
    (fp_line (start -2.05 4.16) (end -2.05 4.8) (layer F.SilkS) (width 0.12))
    (fp_line (start -2.05 4.8) (end -1.65 4.8) (layer F.SilkS) (width 0.12))
    (fp_line (start -2.25 -3.6) (end -2.25 5) (layer F.CrtYd) (width 0.05))
    (fp_line (start -2.25 5) (end 9.25 5) (layer F.CrtYd) (width 0.05))
    (fp_line (start 9.25 5) (end 9.25 -3.6) (layer F.CrtYd) (width 0.05))
    (fp_line (start 9.25 -3.6) (end -2.25 -3.6) (layer F.CrtYd) (width 0.05))
    (fp_text user %R (at 3.5 2.4 90) (layer F.Fab)
      (effects (font (size 1 1) (thickness 0.15)))
    )
    (pad 1 thru_hole rect (at 0 0 270) (size 2.4 2.4) (drill 1.2) (layers *.Cu *.Mask)
      (net 1 GND))
    (pad 2 thru_hole circle (at 3.5 0 270) (size 2.4 2.4) (drill 1.2) (layers *.Cu *.Mask)
      (net 9 D12))
    (pad 3 thru_hole circle (at 7 0 270) (size 2.4 2.4) (drill 1.2) (layers *.Cu *.Mask)
      (net 5 +3V3))
    (model ${KISYS3DMOD}/TerminalBlock_Phoenix.3dshapes/TerminalBlock_Phoenix_PT-1,5-3-3.5-H_1x03_P3.50mm_Horizontal.wrl
      (at (xyz 0 0 0))
      (scale (xyz 1 1 1))
      (rotate (xyz 0 0 0))
    )
  )

  (module TerminalBlock_Phoenix:TerminalBlock_Phoenix_PT-1,5-3-3.5-H_1x03_P3.50mm_Horizontal (layer Top) (tedit 5B294F3F) (tstamp 5DBCD3FC)
